abnormal = 0.01 * normal:
R: 0.38512822653354545
TP: 2650.0
TN: 923.0
FP: 77.0
FN: 6350.0
precision: 0.9717638074160686
recall: 0.2944444411728396
f_measure: 0.4519127969757134
accuracy: 0.35729999642700006
auc_roc: 0.6566834444444445

abnormal = 0.1 * normal:
R: 0.7216831273006563
TP: 5057.0
TN: 938.0
FP: 62.0
FN: 3943.0
precision: 0.9878882401272077
recall: 0.5618888826456792
f_measure: 0.716293454839546
accuracy: 0.5994999940050001
auc_roc: 0.8430663333333333
