R: 0.38512822653354545
TP: 2650.0
TN: 923.0
FP: 77.0
FN: 6350.0
precision: 0.9717638074160686
recall: 0.2944444411728396
f_measure: 0.4519127969757134
accuracy: 0.35729999642700006
auc_roc: 0.6566834444444445
